A is a 5x5 symmetric matrix
   0.5216   0.3996   0.6308   0.2366   0.3090
   0.3996   0.2000   0.5327   0.2055   0.8008
   0.6308   0.5327   0.0431   0.4816   0.0187
   0.2366   0.2055   0.4816   0.3749   0.6760
   0.3090   0.8008   0.0187   0.6760   0.1590

Number of rotations (cyclic sweep): 60
Number of rotations (value by value): 137
Number of rotations for lowest EV: 52

Diagonalization by cyclic sweeps:
  -1.0017e+00  -1.1102e-16   4.0346e-11  -9.7455e-13  -2.5535e-15
  -1.3184e-16  -2.3746e-01  -4.2065e-12   2.6888e-17  -3.4694e-17
   4.0346e-11  -4.2065e-12   1.0928e-01   3.8164e-17  -7.1368e-10
  -9.7454e-13  -6.5919e-17   4.1633e-17   4.4284e-01   5.4363e-10
  -2.4425e-15  -5.5511e-17  -7.1368e-10   5.4363e-10   1.9857e+00

EVs by cyclic sweeps:
  -1.0017  -0.2375   0.1093   0.4428   1.9857

Diagonalization value by value:
  -1.0017e+00   1.2740e-09   2.0314e-09   4.3869e-09   5.3180e-09
   1.2740e-09  -2.3746e-01   5.1087e-09   1.1498e-08   1.5034e-08
   2.0314e-09   5.1087e-09   1.0928e-01   5.9030e-10   1.3564e-09
   4.3869e-09   1.1498e-08   5.9030e-10   4.4284e-01  -1.3878e-16
   5.3180e-09   1.5034e-08   1.3564e-09  -2.2204e-16   1.9857e+00

EVs by cyclic sweeps:
  -1.0017  -0.2375   0.1093   0.4428   1.9857
