Random matrix A: 
   0.7263   0.6320   0.3156
   0.6553   0.4286   0.3174
   0.5746   0.6770   0.4093
   0.5502   0.1437   0.2422

Matrix Q:
   0.5760   0.2109  -0.7337
   0.5197  -0.1825   0.0233
   0.4557   0.6330   0.6044
   0.4364  -0.7222   0.3096

Matrix R: (should be upper triangular)
   1.2608   0.9580   0.6390
        0   0.3798   0.0928
        0        0   0.0982

Q^TQ: (should be equal to 1)
   1.0000e+00   4.9960e-16   3.8858e-16
   4.9960e-16   1.0000e+00   1.1102e-16
   3.8858e-16   1.1102e-16   1.0000e+00

QR: (should be equal to A)
   0.7263   0.6320   0.3156
   0.6553   0.4286   0.3174
   0.5746   0.6770   0.4093
   0.5502   0.1437   0.2422


### Linear equation
Ax = b, solve for x

A:
   0.5403   0.0782   0.5458
   0.6678   0.8976   0.9150
   0.6619   0.8197   0.9109

Vector b:
   0.5002
   0.3013
   0.4945

QR-decomposition results:

Q:
   0.4983  -0.8633  -0.0798
   0.6158   0.4172  -0.6684
   0.6104   0.2839   0.7395

R:
   1.0844   1.0920   1.3914
        0   0.5397   0.1691
        0        0   0.0185


Solution x:
  -5.5191
  -2.4140
   6.7252

Ax: (Should be equal to b)
   0.5002
   0.3013
   0.4945
