Random matrix A: 
   0.3480   0.3443   0.4153
   0.7487   0.3642   0.5621
   0.9031   0.3904   0.2852
   0.3265   0.6696   0.4751

Matrix Q:
   0.2747   0.2588   0.4205
   0.5912  -0.1640   0.6352
   0.7131  -0.2914  -0.6152
   0.2578   0.9062  -0.2030

Matrix R: (should be upper triangular)
   1.2664   0.7609   0.7723
        0   0.5225   0.3627
        0        0   0.2598

Q^TQ: (should be equal to 1)
   1.0000e+00   1.1102e-16  -1.1102e-16
   1.1102e-16   1.0000e+00   3.8858e-16
  -1.1102e-16   3.8858e-16   1.0000e+00

QR: (should be equal to A)
   0.3480   0.3443   0.4153
   0.7487   0.3642   0.5621
   0.9031   0.3904   0.2852
   0.3265   0.6696   0.4751


### Linear equation
Ax = b, solve for x

A:
   0.7284   0.8194   0.3308
   0.7744   0.2367   0.0653
   0.2655   0.6228   0.2734

Vector b:
   0.8703
   0.8768
   0.1766

QR-decomposition results:

Q:
   0.6647   0.4037  -0.6286
   0.7067  -0.6126   0.3539
   0.2423   0.6795   0.6925

R:
   1.0958   0.8629   0.3323
        0   0.6089   0.2794
        0        0   0.0045


Solution x:
   -0.2494
   11.4943
  -25.2909

Ax: (Should be equal to b)
   0.8703
   0.8768
   0.1766
