Random matrix A: 
   0.8361   0.1860   0.0640
   0.6548   0.8177   0.4168
   0.5645   0.8046   0.2728
   0.7335   0.6847   0.9804

Matrix Q:
   0.5935  -0.7557  -0.2744
   0.4648   0.4078  -0.2177
   0.4007   0.4998  -0.4254
   0.5207   0.1127   0.8345

Matrix R: (should be upper triangular)
   1.4087   1.1694   0.8515
        0   0.6723   0.3685
        0        0   0.5938

Q^TQ: (should be equal to 1)
   1.0000e+00  -2.2204e-16        0e+00
  -2.2204e-16   1.0000e+00   5.5511e-17
        0e+00   5.5511e-17   1.0000e+00

QR: (should be equal to A)
   0.8361   0.1860   0.0640
   0.6548   0.8177   0.4168
   0.5645   0.8046   0.2728
   0.7335   0.6847   0.9804


### Linear equation
Ax = b, solve for x

A:
   0.9218   0.2310   0.1787
   0.9337   0.8482   0.0814
   0.2191   0.0881   0.2776

Vector b:
   0.5832
   0.8505
   0.6062

QR-decomposition results:

Q:
   0.6930  -0.6982  -0.1798
   0.7019   0.7103  -0.0530
   0.1647  -0.0895   0.9823

R:
   1.3303   0.7699   0.2267
        0   0.4333  -0.0918
        0        0   0.2363


Solution x:
   0.0844
   0.7288
   1.8859

Ax: (Should be equal to b)
   0.5832
   0.8505
   0.6062
